1	11	14	7	44547	2024-01-31
2	30	16	11	12341	2023-10-08
3	14	17	6	42915	2024-11-05
4	2	21	1	37885	2023-10-31
5	12	16	3	27292	2023-08-10
6	20	12	2	30129	2023-12-21
7	16	16	14	12039	2024-05-30
8	11	13	11	48970	2024-02-25
9	19	21	19	42546	2024-03-25
10	27	6	4	29400	2024-03-22
11	12	15	4	31408	2023-11-25
12	29	25	18	35339	2024-06-12
13	19	12	2	36850	2024-07-11
14	7	25	17	36997	2024-04-25
15	16	15	11	24597	2024-03-13
16	22	7	8	46641	2024-09-08
17	3	10	12	28267	2023-09-18
18	16	1	8	22828	2024-10-03
19	3	21	5	20377	2024-02-28
20	10	8	12	47534	2024-08-05
21	2	16	10	31460	2024-01-28
22	17	14	23	11387	2024-09-25
23	22	1	15	40124	2023-09-10
24	24	3	12	44972	2024-01-12
25	18	21	18	23273	2024-03-13
26	24	1	23	31868	2024-06-11
27	12	14	23	42816	2023-11-24
28	18	3	11	31005	2024-07-19
29	16	8	5	21720	2023-11-18
30	16	10	21	17968	2024-07-08
